Run semi-empirical minimization
 &qmmm
    qm_theory='AM1', grms_tol=0.0005,
 scfconv=1.d-10, ndiis_attempts=700,   qmcharge=0,
 /
   6    C1        7.6890        4.9990        1.7990 
   8    O1        6.5290        5.4420        1.1070 
   6    C2        5.4430        4.6120        1.1270 
   6    C3        5.3680        3.3720        1.7600 
   6    C4        4.1880        2.6210        1.7000 
   6    C5        3.0650        3.0970        1.0070 
   6    C6        1.8260        2.3050        0.9480 
   6    C7        0.8700        2.5020        1.9570 
   6    C8       -0.3220        1.7840        1.9630 
   6    C9       -0.5920        0.8500        0.9600 
   6   C10       -1.7900        0.1320        0.9680 
   6   C11       -2.0660       -0.8020       -0.0300 
   6   C12       -1.1590       -1.0570       -1.0780 
   6   C13       -1.4160       -2.0040       -2.1090 
   6   C14       -2.6530       -2.8000       -2.1650 
   6   C15       -2.7290       -4.0510       -1.5350 
   6   C16       -3.9030       -4.8120       -1.5860 
   6   C17       -5.0190       -4.3340       -2.2710 
   8    O2       -6.2210       -4.9720       -2.3970 
   6   C18       -6.3420       -6.2450       -1.7740 
   6   C19       -4.9490       -3.0900       -2.9030 
   6   C20       -3.7780       -2.3290       -2.8530 
   6   C21       -0.4610       -2.1990       -3.1200 
   6   C22        0.7310       -1.4810       -3.1270 
   6   C23        1.0010       -0.5470       -2.1220 
   6   C24        2.1980        0.1720       -2.1310 
   6   C25        2.4750        1.1050       -1.1320 
   6   C26        1.5690        1.3590       -0.0830 
   6   C27        0.3490        0.6290       -0.0720 
   6   C28        0.0600       -0.3270       -1.0900 
   6   C29        3.1490        4.3460        0.3770 
   6   C30        4.3280        5.0930        0.4380 
   1    H1        8.0800        4.0730        1.3630 
   1    H2        7.4890        4.8790        2.8690 
   1    H3        8.4590        5.7690        1.6890 
   1    H4        6.2070        2.9560        2.3070 
   1    H5        4.1470        1.6540        2.1980 
   1    H6        1.0570        3.2240        2.7500 
   1    H7       -1.0390        1.9640        2.7620 
   1    H8       -2.5260        0.2900        1.7540 
   1    H9       -3.0150       -1.3340        0.0230 
   1   H10       -1.8670       -4.4380       -0.9940 
   1   H11       -3.9080       -5.7720       -1.0800 
   1   H12       -7.3520       -6.6180       -1.9680 
   1   H13       -6.2190       -6.1660       -0.6890 
   1   H14       -5.6340       -6.9630       -2.2020 
   1   H15       -5.8140       -2.7100       -3.4400 
   1   H16       -3.7490       -1.3630       -3.3530 
   1   H17       -0.6490       -2.9200       -3.9140 
   1   H18        1.4460       -1.6580       -3.9270 
   1   H19        2.9330        0.0160       -2.9180 
   1   H20        3.4220        1.6390       -1.1870 
   1   H21        2.2940        4.7420       -0.1670 
   1   H22        4.3770        6.0600       -0.0580 

