Run semi-empirical minimization
 &qmmm
    qm_theory='AM1', grms_tol=0.0005,
 scfconv=1.d-10, ndiis_attempts=700,   qmcharge=0,
 /
   8    O1        7.5450       -0.5810       -6.4150 
   6    C1        7.6680        0.3640       -5.3590 
   6    C2        7.1420       -0.2120       -4.0480 
   8    O2        7.2300        0.7820       -3.0290 
   6    C3        6.7750        0.3080       -1.7600 
   6    C4        5.2690        0.3030       -1.6690 
   6    C5        4.5880       -0.8120       -1.1670 
   6    C6        3.1930       -0.8060       -1.0690 
   6    C7        2.4400        0.3120       -1.4620 
   6    C8        0.9710        0.3120       -1.3580 
   6    C9        0.1680        0.6370       -2.4610 
   6   C10       -1.2290        0.6290       -2.3620 
   6   C11       -2.0180        0.9810       -3.5670 
   8    O3       -1.5610        1.2990       -4.6490 
   8    O4       -3.3450        0.9170       -3.3620 
   6   C12       -1.8410        0.2940       -1.1470 
   6   C13       -1.0700       -0.0330       -0.0220 
   6   C14       -1.7080       -0.3830        1.2580 
   6   C15       -1.3730        0.2910        2.4420 
   6   C16       -1.9760       -0.0410        3.6600 
   6   C17       -2.9400       -1.0540        3.7240 
   6   C18       -3.5710       -1.4250        5.0440 
   8    O5       -4.9510       -1.7570        4.8940 
   6   C19       -5.8470       -0.6890        5.2010 
   6   C20       -5.8920        0.3940        4.1250 
   8    O6       -6.8920        1.3550        4.4440 
   6   C21       -3.2680       -1.7430        2.5490 
   6   C22       -2.6650       -1.4070        1.3330 
   6   C23        0.3310       -0.0180       -0.1490 
   6   C24        3.1320        1.4280       -1.9570 
   6   C25        4.5270        1.4260       -2.0550 
   1    H1        6.5960       -0.6710       -6.6110 
   1    H2        8.7240        0.6340       -5.2560 
   1    H3        7.1300        1.2780       -5.6310 
   1    H4        6.1040       -0.5360       -4.1810 
   1    H5        7.7340       -1.0930       -3.7710 
   1    H6        7.2010       -0.6810       -1.5550 
   1    H7        7.1620        0.9900       -0.9950 
   1    H8        5.1360       -1.6970       -0.8510 
   1    H9        2.6930       -1.6950       -0.6890 
   1   H10        0.6330        0.8870       -3.4140 
   1   H11       -3.7290        1.1690       -4.2280 
   1   H12       -2.9260        0.2980       -1.0690 
   1   H13       -0.6380        1.0940        2.4240 
   1   H14       -1.6870        0.5030        4.5570 
   1   H15       -3.0600       -2.3180        5.4200 
   1   H16       -3.4380       -0.6340        5.7920 
   1   H17       -6.8470       -1.1280        5.2980 
   1   H18       -5.6160       -0.2620        6.1840 
   1   H19       -4.9340        0.9140        4.0500 
   1   H20       -6.1170       -0.0460        3.1480 
   1   H21       -6.9130        1.9920        3.7090 
   1   H22       -4.0000       -2.5480        2.5770 
   1   H23       -2.9410       -1.9660        0.4420 
   1   H24        0.9420       -0.2710        0.7180 
   1   H25        2.5890        2.3200       -2.2620 
   1   H26        5.0370        2.3080       -2.4400 

