Run semi-empirical minimization
 &qmmm
    qm_theory='AM1', grms_tol=0.0005,
 scfconv=1.d-10, ndiis_attempts=700,   qmcharge=1,
 /
   6    C1        6.0640        2.1740        3.1060 
   6    C2        5.8220        1.4170        1.8080 
   7    N1        6.3940       -0.0110        1.8040 
   6    C3        7.8940       -0.0030        2.0980 
   6    C4        5.6940       -0.8810        2.8420 
   6    C5        6.2180       -0.6340        0.3880 
   6    C6        4.8070       -0.7450       -0.1360 
   6    C7        4.0190       -1.8710        0.1500 
   6    C8        2.7060       -1.9600       -0.3220 
   6    C9        2.1500       -0.9330       -1.0960 
   6   C10        0.7690       -1.0330       -1.5980 
   6   C11        0.5400       -1.8160       -2.7410 
   6   C12       -0.7370       -1.9410       -3.2790 
   6   C13       -1.8210       -1.2850       -2.6910 
   6   C14       -3.1000       -1.4090       -3.2380 
   6   C15       -4.1870       -0.7540       -2.6590 
   6   C16       -4.0430        0.0510       -1.5100 
   6   C17       -5.1340        0.7350       -0.9030 
   6   C18       -6.5040        0.6820       -1.4400 
   6   C19       -6.8940        1.5230       -2.4910 
   6   C20       -8.1980        1.4760       -2.9910 
   6   C21       -9.1380        0.5970       -2.4500 
   8    O1      -10.3760        0.6570       -3.0290 
   6   C22      -11.3890       -0.1740       -2.4730 
   6   C23       -8.7600       -0.2440       -1.4040 
   6   C24       -7.4530       -0.2000       -0.9020 
   6   C25       -4.9090        1.5050        0.2490 
   6   C26       -3.6360        1.6130        0.8000 
   6   C27       -2.5510        0.9570        0.2130 
   6   C28       -1.2740        1.0720        0.7660 
   6   C29       -0.1850        0.4250        0.1820 
   6   C30       -0.3250       -0.3650       -0.9780 
   6   C31       -1.6270       -0.4920       -1.5360 
   6   C32       -2.7430        0.1710       -0.9470 
   6   C33        2.9450        0.1800       -1.4020 
   6   C34        4.2570        0.2730       -0.9300 
   1    H1        5.5730        3.1530        3.0520 
   1    H2        7.1280        2.3620        3.2820 
   1    H3        5.6480        1.6530        3.9730 
   1    H4        4.7440        1.3400        1.6340 
   1    H5        6.2820        1.9540        0.9700 
   1    H6        8.2750       -1.0230        1.9820 
   1    H7        8.0550        0.3300        3.1250 
   1    H8        8.3840        0.6690        1.3900 
   1    H9        6.0090       -1.9190        2.6950 
   1   H10        4.6120       -0.7800        2.7240 
   1   H11        5.9930       -0.5510        3.8410 
   1   H12        6.8230       -0.0260       -0.2970 
   1   H13        6.6800       -1.6290        0.4190 
   1   H14        4.4130       -2.7000        0.7340 
   1   H15        2.1100       -2.8410       -0.0870 
   1   H16        1.3660       -2.3320       -3.2280 
   1   H17       -0.8770       -2.5550       -4.1670 
   1   H18       -3.2710       -2.0170       -4.1240 
   1   H19       -5.1630       -0.8860       -3.1240 
   1   H20       -6.1840        2.2220       -2.9280 
   1   H21       -8.4850        2.1340       -3.8080 
   1   H22      -11.5730        0.0760       -1.4220 
   1   H23      -12.3140        0.0120       -3.0270 
   1   H24      -11.1370       -1.2340       -2.5900 
   1   H25       -9.4550       -0.9470       -0.9550 
   1   H26       -7.1760       -0.8640       -0.0850 
   1   H27       -5.7370        2.0350        0.7190 
   1   H28       -3.5040        2.2220        1.6910 
   1   H29       -1.1150        1.6690        1.6610 
   1   H30        0.7860        0.5470        0.6550 
   1   H31        2.5390        0.9800       -2.0220 
   1   H32        4.8420        1.1490       -1.2050 

