Run semi-empirical minimization
 &qmmm
    qm_theory='AM1', grms_tol=0.0005,
 scfconv=1.d-10, ndiis_attempts=700,   qmcharge=0,
 /
   8    O1       -2.4320        2.0080       -2.7840 
   6    C1       -2.7900        2.9790       -3.7660 
   6    C2       -4.2610        3.3770       -3.6360 
   8    O2       -5.1380        2.3930       -4.1960 
   6    C3       -5.3920        1.2790       -3.3380 
   6    C4       -4.8240       -0.0010       -3.9510 
   8    O3       -5.2540       -1.2000       -3.3050 
   6    C5       -4.8320       -1.3670       -1.9520 
   6    C6       -3.3260       -1.5830       -1.8040 
   8    O4       -3.0290       -1.8850       -0.4400 
   6    C7       -1.6290       -1.9290       -0.1680 
   6    C8       -0.9950       -3.2570       -0.5750 
   8    O5        0.4000       -3.2300       -0.2630 
   6    C9        1.0450       -4.4520       -0.6330 
   6   C10        2.5150       -4.4370       -0.1940 
   8    O6        3.2860       -3.3480       -0.7050 
   6   C11        3.3870       -3.3040       -2.1250 
   6   C12        4.3780       -2.2120       -2.5520 
   8    O7        4.1820       -0.9240       -1.9620 
   6   C13        2.8540       -0.4200       -2.0440 
   6   C14        2.7780        0.9800       -1.4210 
   8    O8        3.2420        1.1250       -0.0760 
   6   C15        2.9010        0.0940        0.8570 
   6   C16        1.3990       -0.0440        1.1250 
   8    O9        0.8880        0.9100        2.0630 
   6   C17        0.8960        2.2570        1.5800 
   6   C18        0.0670        3.1360        2.5230 
   8   O10        0.7880        3.5670        3.6810 
   6   C19        1.1120        2.5020        4.5720 
   6   C20        1.4890        3.0390        5.9250 
   6   C21        1.5360        4.3280        6.2910 
   1    H1       -1.4830        1.8300       -2.9070 
   1    H2       -2.1530        3.8560       -3.6110 
   1    H3       -2.5900        2.5520       -4.7540 
   1    H4       -4.4230        4.2890       -4.2190 
   1    H5       -4.5410        3.5890       -2.5980 
   1    H6       -5.0120        1.4450       -2.3250 
   1    H7       -6.4800        1.1790       -3.2470 
   1    H8       -3.7310        0.0310       -4.0070 
   1    H9       -5.1600       -0.0690       -4.9920 
   1   H10       -5.3520       -2.2510       -1.5650 
   1   H11       -5.1740       -0.5350       -1.3280 
   1   H12       -3.0050       -2.4040       -2.4530 
   1   H13       -2.7860       -0.6810       -2.1070 
   1   H14       -1.1160       -1.0850       -0.6430 
   1   H15       -1.5000       -1.7910        0.9120 
   1   H16       -1.1250       -3.4330       -1.6470 
   1   H17       -1.4840       -4.0780       -0.0400 
   1   H18        0.5390       -5.2950       -0.1470 
   1   H19        0.9670       -4.5800       -1.7180 
   1   H20        2.5550       -4.3450        0.8960 
   1   H21        3.0030       -5.3790       -0.4640 
   1   H22        3.7250       -4.2730       -2.5080 
   1   H23        2.4040       -3.0870       -2.5540 
   1   H24        5.3890       -2.5210       -2.2650 
   1   H25        4.3680       -2.1030       -3.6420 
   1   H26        2.5470       -0.3680       -3.0950 
   1   H27        2.1650       -1.0830       -1.5160 
   1   H28        3.3890        1.6640       -2.0190 
   1   H29        1.7480        1.3490       -1.4720 
   1   H30        3.4110        0.3480        1.7930 
   1   H31        3.3200       -0.8570        0.5170 
   1   H32        1.2180       -1.0260        1.5760 
   1   H33        0.8050        0.0110        0.2090 
   1   H34        0.4420        2.2810        0.5830 
   1   H35        1.9250        2.6260        1.5370 
   1   H36       -0.8530        2.6310        2.8350 
   1   H37       -0.2150        4.0500        1.9910 
   1   H38        0.2570        1.8290        4.6940 
   1   H39        1.9630        1.9420        4.1720 
   1   H40        1.7500        2.2830        6.6630 
   1   H41        1.8230        4.6130        7.2960 
   1   H42        1.2880        5.1220        5.5920 

