Run semi-empirical minimization
 &qmmm
    qm_theory='AM1', grms_tol=0.0005,
 scfconv=1.d-10, ndiis_attempts=700,   qmcharge=2,
 /
   6    C1        1.8700        7.7030       -1.0020 
   6    C2        0.5810        6.8950       -0.9640 
   7    N1        0.6740        5.5720       -0.1640 
   6    C3        1.7680        4.6760       -0.7250 
   6    C4        0.9740        5.8590        1.3040 
   6    C5       -0.7220        4.8830       -0.3030 
   6    C6       -0.9210        3.5330        0.3630 
   6    C7       -1.3100        3.5310        1.7150 
   6    C8       -1.4930        2.3400        2.4080 
   6    C9       -1.3110        1.1130        1.7690 
   6   C10       -1.4980       -0.0740        2.4750 
   6   C11       -1.3390       -1.3130        1.8510 
   6   C12       -0.9880       -1.4280        0.4890 
   6   C13       -0.8260       -2.6930       -0.1800 
   6   C14       -1.0460       -3.9690        0.6230 
   7    N2       -0.8010       -5.4100        0.0800 
   6   C15       -1.1400       -6.3560        1.2540 
   6   C16       -1.7670       -5.7450       -1.0510 
   6   C17        0.6790       -5.5920       -0.3020 
   6   C18        1.0250       -7.0040       -0.7510 
   6   C19       -0.5030       -2.6780       -1.5420 
   6   C20       -0.3220       -1.4810       -2.2340 
   6   C21       -0.4640       -0.2510       -1.5930 
   6   C22       -0.2870        0.9340       -2.3070 
   6   C23       -0.4360        2.1740       -1.6830 
   6   C24       -0.7610        2.2860       -0.3160 
   6   C25       -0.9520        1.0680        0.4040 
   6   C26       -0.8000       -0.2080       -0.2260 
   1    H1        2.2060        8.0030       -0.0050 
   1    H2        2.6790        7.1640       -1.5000 
   1    H3        1.7020        8.6250       -1.5700 
   1    H4        0.2850        6.6290       -1.9860 
   1    H5       -0.2210        7.4880       -0.5090 
   1    H6        2.7360        5.1610       -0.5700 
   1    H7        1.7650        3.7280       -0.1850 
   1    H8        1.5820        4.5250       -1.7910 
   1    H9        0.1710        6.4830        1.7070 
   1   H10        1.9350        6.3730        1.3800 
   1   H11        1.0460        4.9120        1.8430 
   1   H12       -1.4510        5.5940        0.1100 
   1   H13       -0.9410        4.8290       -1.3740 
   1   H14       -1.4870        4.4630        2.2510 
   1   H15       -1.7900        2.3820        3.4560 
   1   H16       -1.7790       -0.0530        3.5290 
   1   H17       -1.5120       -2.1850        2.4770 
   1   H18       -2.0930       -3.9670        0.9550 
   1   H19       -0.4000       -3.9100        1.5080 
   1   H20       -2.1630       -6.1440        1.5810 
   1   H21       -1.0750       -7.3910        0.9110 
   1   H22       -0.4290       -6.1720        2.0650 
   1   H23       -1.4120       -5.3080       -1.9820 
   1   H24       -2.7570       -5.3610       -0.7910 
   1   H25       -1.8130       -6.8320       -1.1650 
   1   H26        0.9110       -4.8980       -1.1080 
   1   H27        1.2760       -5.3140        0.5740 
   1   H28        0.9300       -7.7290        0.0620 
   1   H29        0.4080       -7.3330       -1.5920 
   1   H30        2.0690       -7.0330       -1.0820 
   1   H31       -0.3760       -3.5780       -2.1260 
   1   H32       -0.0700       -1.5220       -3.2940 
   1   H33       -0.0420        0.9070       -3.3680 
   1   H34       -0.3040        3.0460       -2.3170 

