 RESP-A1A project. RESP input generated by R.E.D.
 &cntrl
  ioutopt=1, iqopt=1, nmol=34, ihfree=1, irstrnt=1, qwt= 0.0005 
 &end 
  1.0
 alpha-O-methyl-Glucoside 
    0   27          Column not used by RESP (Added by R.E.D. for information)
    6    0                      1
    1    0                      2
    8    0                      3
    6    0                      4
    1    0                      5
    8    0                      6
    1    0                      7
    6    0                      8
    1    0                      9
    8    0                     10
    1    0                     11
    6    0                     12
    1    0                     13
    8    0                     14
    1    0                     15
    6    0                     16
    1    0                     17
    8    0                     18
    6    0                     19
    1    0                     20
    1    0                     21
    8    0                     22
    1    0                     23
    6    0                     24
    1    0                     25
    1    0                     26
    1    0                     27

  1.0
 alpha-O-methyl-Glucoside 
    0   27
    6    0                      1
    1    0                      2
    8    0                      3
    6    0                      4
    1    0                      5
    8    0                      6
    1    0                      7
    6    0                      8
    1    0                      9
    8    0                     10
    1    0                     11
    6    0                     12
    1    0                     13
    8    0                     14
    1    0                     15
    6    0                     16
    1    0                     17
    8    0                     18
    6    0                     19
    1    0                     20
    1    0                     21
    8    0                     22
    1    0                     23
    6    0                     24
    1    0                     25
    1    0                     26
    1    0                     27

  1.0
 alpha-O-methyl-Glucoside 
    0   27
    6    0                      1
    1    0                      2
    8    0                      3
    6    0                      4
    1    0                      5
    8    0                      6
    1    0                      7
    6    0                      8
    1    0                      9
    8    0                     10
    1    0                     11
    6    0                     12
    1    0                     13
    8    0                     14
    1    0                     15
    6    0                     16
    1    0                     17
    8    0                     18
    6    0                     19
    1    0                     20
    1    0                     21
    8    0                     22
    1    0                     23
    6    0                     24
    1    0                     25
    1    0                     26
    1    0                     27

  1.0
 alpha-O-methyl-Glucoside 
    0   27
    6    0                      1
    1    0                      2
    8    0                      3
    6    0                      4
    1    0                      5
    8    0                      6
    1    0                      7
    6    0                      8
    1    0                      9
    8    0                     10
    1    0                     11
    6    0                     12
    1    0                     13
    8    0                     14
    1    0                     15
    6    0                     16
    1    0                     17
    8    0                     18
    6    0                     19
    1    0                     20
    1    0                     21
    8    0                     22
    1    0                     23
    6    0                     24
    1    0                     25
    1    0                     26
    1    0                     27

  1.0
 alpha-O-methyl-Glucoside 
    0   27
    6    0                      1
    1    0                      2
    8    0                      3
    6    0                      4
    1    0                      5
    8    0                      6
    1    0                      7
    6    0                      8
    1    0                      9
    8    0                     10
    1    0                     11
    6    0                     12
    1    0                     13
    8    0                     14
    1    0                     15
    6    0                     16
    1    0                     17
    8    0                     18
    6    0                     19
    1    0                     20
    1    0                     21
    8    0                     22
    1    0                     23
    6    0                     24
    1    0                     25
    1    0                     26
    1    0                     27

  1.0
 alpha-O-methyl-Glucoside 
    0   27
    6    0                      1
    1    0                      2
    8    0                      3
    6    0                      4
    1    0                      5
    8    0                      6
    1    0                      7
    6    0                      8
    1    0                      9
    8    0                     10
    1    0                     11
    6    0                     12
    1    0                     13
    8    0                     14
    1    0                     15
    6    0                     16
    1    0                     17
    8    0                     18
    6    0                     19
    1    0                     20
    1    0                     21
    8    0                     22
    1    0                     23
    6    0                     24
    1    0                     25
    1    0                     26
    1    0                     27

  1.0
 alpha-O-methyl-Glucoside 
    0   27
    6    0                      1
    1    0                      2
    8    0                      3
    6    0                      4
    1    0                      5
    8    0                      6
    1    0                      7
    6    0                      8
    1    0                      9
    8    0                     10
    1    0                     11
    6    0                     12
    1    0                     13
    8    0                     14
    1    0                     15
    6    0                     16
    1    0                     17
    8    0                     18
    6    0                     19
    1    0                     20
    1    0                     21
    8    0                     22
    1    0                     23
    6    0                     24
    1    0                     25
    1    0                     26
    1    0                     27

  1.0
 alpha-O-methyl-Glucoside 
    0   27
    6    0                      1
    1    0                      2
    8    0                      3
    6    0                      4
    1    0                      5
    8    0                      6
    1    0                      7
    6    0                      8
    1    0                      9
    8    0                     10
    1    0                     11
    6    0                     12
    1    0                     13
    8    0                     14
    1    0                     15
    6    0                     16
    1    0                     17
    8    0                     18
    6    0                     19
    1    0                     20
    1    0                     21
    8    0                     22
    1    0                     23
    6    0                     24
    1    0                     25
    1    0                     26
    1    0                     27

  1.0
 CH3COO-Me 
    0   11          Column not used by RESP (Added by R.E.D. for information)
    6    0                      1
    1    0                      2
    1    0                      3
    1    0                      4
    8    0                      5
    6    0                      6
    8    0                      7
    6    0                      8
    1    0                      9
    1    0                     10
    1    0                     11

  1.0
 CH3COO-Me 
    0   11
    6    0                      1
    1    0                      2
    1    0                      3
    1    0                      4
    8    0                      5
    6    0                      6
    8    0                      7
    6    0                      8
    1    0                      9
    1    0                     10
    1    0                     11

  1.0
 C6H5-CH2O-Me 
    0   19          Column not used by RESP (Added by R.E.D. for information)
    6    0                      1
    1    0                      2
    1    0                      3
    1    0                      4
    8    0                      5
    6    0                      6
    1    0                      7
    1    0                      8
    6    0                      9
    6    0                     10
    1    0                     11
    6    0                     12
    1    0                     13
    6    0                     14
    1    0                     15
    6   12                     16
    1   13                     17
    6   10                     18
    1   11                     19

  1.0
 C6H5-CH2O-Me 
    0   19
    6    0                      1
    1    0                      2
    1    0                      3
    1    0                      4
    8    0                      5
    6    0                      6
    1    0                      7
    1    0                      8
    6    0                      9
    6    0                     10
    1    0                     11
    6    0                     12
    1    0                     13
    6    0                     14
    1    0                     15
    6   12                     16
    1   13                     17
    6   10                     18
    1   11                     19

  1.0
 C6H5-COO-Me 
    0   18          Column not used by RESP (Added by R.E.D. for information)
    6    0                      1
    1    0                      2
    1    0                      3
    1    0                      4
    8    0                      5
    6    0                      6
    8    0                      7
    6    0                      8
    6    0                      9
    1    0                     10
    6    0                     11
    1    0                     12
    6    0                     13
    1    0                     14
    6   11                     15
    1   12                     16
    6    9                     17
    1   10                     18

  1.0
 C6H5-COO-Me 
    0   18
    6    0                      1
    1    0                      2
    1    0                      3
    1    0                      4
    8    0                      5
    6    0                      6
    8    0                      7
    6    0                      8
    6    0                      9
    1    0                     10
    6    0                     11
    1    0                     12
    6    0                     13
    1    0                     14
    6   11                     15
    1   12                     16
    6    9                     17
    1   10                     18

  1.0
 CH3O-Me 
    0    9          Column not used by RESP (Added by R.E.D. for information)
    6    0                      1
    1    0                      2
    1    0                      3
    1    0                      4
    8    0                      5
    6    0                      6
    1    0                      7
    1    0                      8
    1    0                      9

  1.0
 CH3O-Me 
    0    9
    6    0                      1
    1    0                      2
    1    0                      3
    1    0                      4
    8    0                      5
    6    0                      6
    1    0                      7
    1    0                      8
    1    0                      9

  1.0
 N,N'-dimethylsuccinamide 
    0   22          Column not used by RESP (Added by R.E.D. for information)
    6    0                      1
    1    0                      2
    1    0                      3
    1    0                      4
    7    0                      5
    1    0                      6
    6    0                      7
    8    0                      8
    6    0                      9
    1    0                     10
    1    0                     11
    6    0                     12
    1    0                     13
    1    0                     14
    6    7                     15
    8    8                     16
    7    0                     17
    1    0                     18
    6    0                     19
    1    0                     20
    1    0                     21
    1    0                     22

  1.0
 N,N'-dimethylsuccinamide 
    0   22
    6    0                      1
    1    0                      2
    1    0                      3
    1    0                      4
    7    0                      5
    1    0                      6
    6    0                      7
    8    0                      8
    6    0                      9
    1    0                     10
    1    0                     11
    6    0                     12
    1    0                     13
    1    0                     14
    6    7                     15
    8    8                     16
    7    0                     17
    1    0                     18
    6    0                     19
    1    0                     20
    1    0                     21
    1    0                     22

  1.0
 beta-N-acetamido-D-Mannoside 
    0   30          Column not used by RESP (Added by R.E.D. for information)
    6    0                      1
    1    0                      2
    7    0                      3
    1    0                      4
    6    0                      5
    1    0                      6
    8    0                      7
    1    0                      8
    6    0                      9
    1    0                     10
    8    0                     11
    1    0                     12
    6    0                     13
    1    0                     14
    8    0                     15
    1    0                     16
    6    0                     17
    1    0                     18
    8    0                     19
    6    0                     20
    1    0                     21
    1    0                     22
    8    0                     23
    1    0                     24
    6    0                     25
    8    0                     26
    6    0                     27
    1    0                     28
    1    0                     29
    1    0                     30

  1.0
 beta-N-acetamido-D-Mannoside 
    0   30
    6    0                      1
    1    0                      2
    7    0                      3
    1    0                      4
    6    0                      5
    1    0                      6
    8    0                      7
    1    0                      8
    6    0                      9
    1    0                     10
    8    0                     11
    1    0                     12
    6    0                     13
    1    0                     14
    8    0                     15
    1    0                     16
    6    0                     17
    1    0                     18
    8    0                     19
    6    0                     20
    1    0                     21
    1    0                     22
    8    0                     23
    1    0                     24
    6    0                     25
    8    0                     26
    6    0                     27
    1    0                     28
    1    0                     29
    1    0                     30

  1.0
 beta-N-acetamido-D-Mannoside 
    0   30
    6    0                      1
    1    0                      2
    7    0                      3
    1    0                      4
    6    0                      5
    1    0                      6
    8    0                      7
    1    0                      8
    6    0                      9
    1    0                     10
    8    0                     11
    1    0                     12
    6    0                     13
    1    0                     14
    8    0                     15
    1    0                     16
    6    0                     17
    1    0                     18
    8    0                     19
    6    0                     20
    1    0                     21
    1    0                     22
    8    0                     23
    1    0                     24
    6    0                     25
    8    0                     26
    6    0                     27
    1    0                     28
    1    0                     29
    1    0                     30

  1.0
 beta-N-acetamido-D-Mannoside 
    0   30
    6    0                      1
    1    0                      2
    7    0                      3
    1    0                      4
    6    0                      5
    1    0                      6
    8    0                      7
    1    0                      8
    6    0                      9
    1    0                     10
    8    0                     11
    1    0                     12
    6    0                     13
    1    0                     14
    8    0                     15
    1    0                     16
    6    0                     17
    1    0                     18
    8    0                     19
    6    0                     20
    1    0                     21
    1    0                     22
    8    0                     23
    1    0                     24
    6    0                     25
    8    0                     26
    6    0                     27
    1    0                     28
    1    0                     29
    1    0                     30

  1.0
 beta-N-acetamido-D-Mannoside 
    0   30
    6    0                      1
    1    0                      2
    7    0                      3
    1    0                      4
    6    0                      5
    1    0                      6
    8    0                      7
    1    0                      8
    6    0                      9
    1    0                     10
    8    0                     11
    1    0                     12
    6    0                     13
    1    0                     14
    8    0                     15
    1    0                     16
    6    0                     17
    1    0                     18
    8    0                     19
    6    0                     20
    1    0                     21
    1    0                     22
    8    0                     23
    1    0                     24
    6    0                     25
    8    0                     26
    6    0                     27
    1    0                     28
    1    0                     29
    1    0                     30

  1.0
 beta-N-acetamido-D-Mannoside 
    0   30
    6    0                      1
    1    0                      2
    7    0                      3
    1    0                      4
    6    0                      5
    1    0                      6
    8    0                      7
    1    0                      8
    6    0                      9
    1    0                     10
    8    0                     11
    1    0                     12
    6    0                     13
    1    0                     14
    8    0                     15
    1    0                     16
    6    0                     17
    1    0                     18
    8    0                     19
    6    0                     20
    1    0                     21
    1    0                     22
    8    0                     23
    1    0                     24
    6    0                     25
    8    0                     26
    6    0                     27
    1    0                     28
    1    0                     29
    1    0                     30

  1.0
 beta-N-acetamido-D-Mannoside 
    0   30
    6    0                      1
    1    0                      2
    7    0                      3
    1    0                      4
    6    0                      5
    1    0                      6
    8    0                      7
    1    0                      8
    6    0                      9
    1    0                     10
    8    0                     11
    1    0                     12
    6    0                     13
    1    0                     14
    8    0                     15
    1    0                     16
    6    0                     17
    1    0                     18
    8    0                     19
    6    0                     20
    1    0                     21
    1    0                     22
    8    0                     23
    1    0                     24
    6    0                     25
    8    0                     26
    6    0                     27
    1    0                     28
    1    0                     29
    1    0                     30

  1.0
 beta-N-acetamido-D-Mannoside 
    0   30
    6    0                      1
    1    0                      2
    7    0                      3
    1    0                      4
    6    0                      5
    1    0                      6
    8    0                      7
    1    0                      8
    6    0                      9
    1    0                     10
    8    0                     11
    1    0                     12
    6    0                     13
    1    0                     14
    8    0                     15
    1    0                     16
    6    0                     17
    1    0                     18
    8    0                     19
    6    0                     20
    1    0                     21
    1    0                     22
    8    0                     23
    1    0                     24
    6    0                     25
    8    0                     26
    6    0                     27
    1    0                     28
    1    0                     29
    1    0                     30

  1.0
 alpha-O-methyl-Mannoside 
    0   27          Column not used by RESP (Added by R.E.D. for information)
    6    0                      1
    1    0                      2
    8    0                      3
    6    0                      4
    1    0                      5
    8    0                      6
    1    0                      7
    6    0                      8
    1    0                      9
    8    0                     10
    1    0                     11
    6    0                     12
    1    0                     13
    8    0                     14
    1    0                     15
    6    0                     16
    1    0                     17
    8    0                     18
    6    0                     19
    1    0                     20
    1    0                     21
    8    0                     22
    1    0                     23
    6    0                     24
    1    0                     25
    1    0                     26
    1    0                     27

  1.0
 alpha-O-methyl-Mannoside 
    0   27
    6    0                      1
    1    0                      2
    8    0                      3
    6    0                      4
    1    0                      5
    8    0                      6
    1    0                      7
    6    0                      8
    1    0                      9
    8    0                     10
    1    0                     11
    6    0                     12
    1    0                     13
    8    0                     14
    1    0                     15
    6    0                     16
    1    0                     17
    8    0                     18
    6    0                     19
    1    0                     20
    1    0                     21
    8    0                     22
    1    0                     23
    6    0                     24
    1    0                     25
    1    0                     26
    1    0                     27

  1.0
 alpha-O-methyl-Mannoside 
    0   27
    6    0                      1
    1    0                      2
    8    0                      3
    6    0                      4
    1    0                      5
    8    0                      6
    1    0                      7
    6    0                      8
    1    0                      9
    8    0                     10
    1    0                     11
    6    0                     12
    1    0                     13
    8    0                     14
    1    0                     15
    6    0                     16
    1    0                     17
    8    0                     18
    6    0                     19
    1    0                     20
    1    0                     21
    8    0                     22
    1    0                     23
    6    0                     24
    1    0                     25
    1    0                     26
    1    0                     27

  1.0
 alpha-O-methyl-Mannoside 
    0   27
    6    0                      1
    1    0                      2
    8    0                      3
    6    0                      4
    1    0                      5
    8    0                      6
    1    0                      7
    6    0                      8
    1    0                      9
    8    0                     10
    1    0                     11
    6    0                     12
    1    0                     13
    8    0                     14
    1    0                     15
    6    0                     16
    1    0                     17
    8    0                     18
    6    0                     19
    1    0                     20
    1    0                     21
    8    0                     22
    1    0                     23
    6    0                     24
    1    0                     25
    1    0                     26
    1    0                     27

  1.0
 alpha-O-methyl-Mannoside 
    0   27
    6    0                      1
    1    0                      2
    8    0                      3
    6    0                      4
    1    0                      5
    8    0                      6
    1    0                      7
    6    0                      8
    1    0                      9
    8    0                     10
    1    0                     11
    6    0                     12
    1    0                     13
    8    0                     14
    1    0                     15
    6    0                     16
    1    0                     17
    8    0                     18
    6    0                     19
    1    0                     20
    1    0                     21
    8    0                     22
    1    0                     23
    6    0                     24
    1    0                     25
    1    0                     26
    1    0                     27

  1.0
 alpha-O-methyl-Mannoside 
    0   27
    6    0                      1
    1    0                      2
    8    0                      3
    6    0                      4
    1    0                      5
    8    0                      6
    1    0                      7
    6    0                      8
    1    0                      9
    8    0                     10
    1    0                     11
    6    0                     12
    1    0                     13
    8    0                     14
    1    0                     15
    6    0                     16
    1    0                     17
    8    0                     18
    6    0                     19
    1    0                     20
    1    0                     21
    8    0                     22
    1    0                     23
    6    0                     24
    1    0                     25
    1    0                     26
    1    0                     27

  1.0
 alpha-O-methyl-Mannoside 
    0   27
    6    0                      1
    1    0                      2
    8    0                      3
    6    0                      4
    1    0                      5
    8    0                      6
    1    0                      7
    6    0                      8
    1    0                      9
    8    0                     10
    1    0                     11
    6    0                     12
    1    0                     13
    8    0                     14
    1    0                     15
    6    0                     16
    1    0                     17
    8    0                     18
    6    0                     19
    1    0                     20
    1    0                     21
    8    0                     22
    1    0                     23
    6    0                     24
    1    0                     25
    1    0                     26
    1    0                     27

  1.0
 alpha-O-methyl-Mannoside 
    0   27
    6    0                      1
    1    0                      2
    8    0                      3
    6    0                      4
    1    0                      5
    8    0                      6
    1    0                      7
    6    0                      8
    1    0                      9
    8    0                     10
    1    0                     11
    6    0                     12
    1    0                     13
    8    0                     14
    1    0                     15
    6    0                     16
    1    0                     17
    8    0                     18
    6    0                     19
    1    0                     20
    1    0                     21
    8    0                     22
    1    0                     23
    6    0                     24
    1    0                     25
    1    0                     26
    1    0                     27
                    Intra and/or inter-molecular charge constraints for atom or group of atoms
    6  0.000000
    1   14    1   15    1   24    1   25    1   26    1   27
    4  0.198000
   17    1   17    2   17    3   17    4
    6  0.000000
   17   17   17   18   17   19   17   20   17   21   17   22
    6  0.000000
   19   25   19   26   19   27   19   28   19   29   19   30
    6  0.000000
    1    6    1    7    9    1    9    2    9    3    9    4
    6  0.000000
    1   10    1   11    9    1    9    2    9    3    9    4
    6  0.000000
    1   22    1   23    9    1    9    2    9    3    9    4
    6  0.000000
    1    6    1    7   11    1   11    2   11    3   11    4
    6  0.000000
    1   10    1   11   11    1   11    2   11    3   11    4
    6  0.000000
    1   22    1   23   11    1   11    2   11    3   11    4
    6  0.000000
    1    6    1    7   13    1   13    2   13    3   13    4
    6  0.000000
    1   10    1   11   13    1   13    2   13    3   13    4
    6  0.000000
    1   22    1   23   13    1   13    2   13    3   13    4
    6  0.000000
    1    6    1    7   15    1   15    2   15    3   15    4
    6  0.000000
    1   10    1   11   15    1   15    2   15    3   15    4
    6  0.000000
    1   22    1   23   15    1   15    2   15    3   15    4
    6  0.000000
   19   11   19   12   27   24   27   25   27   26   27   27
    6  0.000000
   19   15   19   16   27   24   27   25   27   26   27   27
    6  0.000000
   19   23   19   24   27   24   27   25   27   26   27   27
                    Inter-'molecular' charge equivalencing (i. e. for different orientations or conformations)
    8
    1    1    2    1    3    1    4    1    5    1    6    1    7    1    8    1
    8
    1    2    2    2    3    2    4    2    5    2    6    2    7    2    8    2
    8
    1    3    2    3    3    3    4    3    5    3    6    3    7    3    8    3
    8
    1    4    2    4    3    4    4    4    5    4    6    4    7    4    8    4
    8
    1    5    2    5    3    5    4    5    5    5    6    5    7    5    8    5
    8
    1    6    2    6    3    6    4    6    5    6    6    6    7    6    8    6
    8
    1    7    2    7    3    7    4    7    5    7    6    7    7    7    8    7
    8
    1    8    2    8    3    8    4    8    5    8    6    8    7    8    8    8
    8
    1    9    2    9    3    9    4    9    5    9    6    9    7    9    8    9
    8
    1   10    2   10    3   10    4   10    5   10    6   10    7   10    8   10
    8
    1   11    2   11    3   11    4   11    5   11    6   11    7   11    8   11
    8
    1   12    2   12    3   12    4   12    5   12    6   12    7   12    8   12
    8
    1   13    2   13    3   13    4   13    5   13    6   13    7   13    8   13
    8
    1   14    2   14    3   14    4   14    5   14    6   14    7   14    8   14
    8
    1   15    2   15    3   15    4   15    5   15    6   15    7   15    8   15
    8
    1   16    2   16    3   16    4   16    5   16    6   16    7   16    8   16
    8
    1   17    2   17    3   17    4   17    5   17    6   17    7   17    8   17
    8
    1   18    2   18    3   18    4   18    5   18    6   18    7   18    8   18
    8
    1   19    2   19    3   19    4   19    5   19    6   19    7   19    8   19
    8
    1   20    2   20    3   20    4   20    5   20    6   20    7   20    8   20
    8
    1   21    2   21    3   21    4   21    5   21    6   21    7   21    8   21
    8
    1   22    2   22    3   22    4   22    5   22    6   22    7   22    8   22
    8
    1   23    2   23    3   23    4   23    5   23    6   23    7   23    8   23
    8
    1   24    2   24    3   24    4   24    5   24    6   24    7   24    8   24
    8
    1   25    2   25    3   25    4   25    5   25    6   25    7   25    8   25
    8
    1   26    2   26    3   26    4   26    5   26    6   26    7   26    8   26
    8
    1   27    2   27    3   27    4   27    5   27    6   27    7   27    8   27
    2
    9    1   10    1
    2
    9    2   10    2
    2
    9    3   10    3
    2
    9    4   10    4
    2
    9    5   10    5
    2
    9    6   10    6
    2
    9    7   10    7
    2
    9    8   10    8
    2
    9    9   10    9
    2
    9   10   10   10
    2
    9   11   10   11
    2
   11    1   12    1
    2
   11    2   12    2
    2
   11    3   12    3
    2
   11    4   12    4
    2
   11    5   12    5
    2
   11    6   12    6
    2
   11    7   12    7
    2
   11    8   12    8
    2
   11    9   12    9
    2
   11   10   12   10
    2
   11   11   12   11
    2
   11   12   12   12
    2
   11   13   12   13
    2
   11   14   12   14
    2
   11   15   12   15
    2
   13    1   14    1
    2
   13    2   14    2
    2
   13    3   14    3
    2
   13    4   14    4
    2
   13    5   14    5
    2
   13    6   14    6
    2
   13    7   14    7
    2
   13    8   14    8
    2
   13    9   14    9
    2
   13   10   14   10
    2
   13   11   14   11
    2
   13   12   14   12
    2
   13   13   14   13
    2
   13   14   14   14
    2
   15    1   16    1
    2
   15    2   16    2
    2
   15    3   16    3
    2
   15    4   16    4
    2
   15    5   16    5
    2
   15    6   16    6
    2
   15    7   16    7
    2
   15    8   16    8
    2
   15    9   16    9
    2
   17    1   18    1
    2
   17    2   18    2
    2
   17    3   18    3
    2
   17    4   18    4
    2
   17    5   18    5
    2
   17    6   18    6
    2
   17    7   18    7
    2
   17    8   18    8
    2
   17    9   18    9
    2
   17   10   18   10
    2
   17   11   18   11
    2
   17   12   18   12
    2
   17   13   18   13
    2
   17   14   18   14
    2
   17   17   18   17
    2
   17   18   18   18
    2
   17   19   18   19
    2
   17   20   18   20
    2
   17   21   18   21
    2
   17   22   18   22
    8
   19    1   20    1   21    1   22    1   23    1   24    1   25    1   26    1
    8
   19    2   20    2   21    2   22    2   23    2   24    2   25    2   26    2
    8
   19    3   20    3   21    3   22    3   23    3   24    3   25    3   26    3
    8
   19    4   20    4   21    4   22    4   23    4   24    4   25    4   26    4
    8
   19    5   20    5   21    5   22    5   23    5   24    5   25    5   26    5
    8
   19    6   20    6   21    6   22    6   23    6   24    6   25    6   26    6
    8
   19    7   20    7   21    7   22    7   23    7   24    7   25    7   26    7
    8
   19    8   20    8   21    8   22    8   23    8   24    8   25    8   26    8
    8
   19    9   20    9   21    9   22    9   23    9   24    9   25    9   26    9
    8
   19   10   20   10   21   10   22   10   23   10   24   10   25   10   26   10
    8
   19   11   20   11   21   11   22   11   23   11   24   11   25   11   26   11
    8
   19   12   20   12   21   12   22   12   23   12   24   12   25   12   26   12
    8
   19   13   20   13   21   13   22   13   23   13   24   13   25   13   26   13
    8
   19   14   20   14   21   14   22   14   23   14   24   14   25   14   26   14
    8
   19   15   20   15   21   15   22   15   23   15   24   15   25   15   26   15
    8
   19   16   20   16   21   16   22   16   23   16   24   16   25   16   26   16
    8
   19   17   20   17   21   17   22   17   23   17   24   17   25   17   26   17
    8
   19   18   20   18   21   18   22   18   23   18   24   18   25   18   26   18
    8
   19   19   20   19   21   19   22   19   23   19   24   19   25   19   26   19
    8
   19   20   20   20   21   20   22   20   23   20   24   20   25   20   26   20
    8
   19   21   20   21   21   21   22   21   23   21   24   21   25   21   26   21
    8
   19   22   20   22   21   22   22   22   23   22   24   22   25   22   26   22
    8
   19   23   20   23   21   23   22   23   23   23   24   23   25   23   26   23
    8
   19   24   20   24   21   24   22   24   23   24   24   24   25   24   26   24
    8
   19   25   20   25   21   25   22   25   23   25   24   25   25   25   26   25
    8
   19   26   20   26   21   26   22   26   23   26   24   26   25   26   26   26
    8
   19   27   20   27   21   27   22   27   23   27   24   27   25   27   26   27
    8
   19   28   20   28   21   28   22   28   23   28   24   28   25   28   26   28
    8
   19   29   20   29   21   29   22   29   23   29   24   29   25   29   26   29
    8
   19   30   20   30   21   30   22   30   23   30   24   30   25   30   26   30
    8
   27    1   28    1   29    1   30    1   31    1   32    1   33    1   34    1
    8
   27    2   28    2   29    2   30    2   31    2   32    2   33    2   34    2
    8
   27    3   28    3   29    3   30    3   31    3   32    3   33    3   34    3
    8
   27    4   28    4   29    4   30    4   31    4   32    4   33    4   34    4
    8
   27    5   28    5   29    5   30    5   31    5   32    5   33    5   34    5
    8
   27    6   28    6   29    6   30    6   31    6   32    6   33    6   34    6
    8
   27    7   28    7   29    7   30    7   31    7   32    7   33    7   34    7
    8
   27    8   28    8   29    8   30    8   31    8   32    8   33    8   34    8
    8
   27    9   28    9   29    9   30    9   31    9   32    9   33    9   34    9
    8
   27   10   28   10   29   10   30   10   31   10   32   10   33   10   34   10
    8
   27   11   28   11   29   11   30   11   31   11   32   11   33   11   34   11
    8
   27   12   28   12   29   12   30   12   31   12   32   12   33   12   34   12
    8
   27   13   28   13   29   13   30   13   31   13   32   13   33   13   34   13
    8
   27   14   28   14   29   14   30   14   31   14   32   14   33   14   34   14
    8
   27   15   28   15   29   15   30   15   31   15   32   15   33   15   34   15
    8
   27   16   28   16   29   16   30   16   31   16   32   16   33   16   34   16
    8
   27   17   28   17   29   17   30   17   31   17   32   17   33   17   34   17
    8
   27   18   28   18   29   18   30   18   31   18   32   18   33   18   34   18
    8
   27   19   28   19   29   19   30   19   31   19   32   19   33   19   34   19
    8
   27   20   28   20   29   20   30   20   31   20   32   20   33   20   34   20
    8
   27   21   28   21   29   21   30   21   31   21   32   21   33   21   34   21
    8
   27   22   28   22   29   22   30   22   31   22   32   22   33   22   34   22
    8
   27   23   28   23   29   23   30   23   31   23   32   23   33   23   34   23
    8
   27   24   28   24   29   24   30   24   31   24   32   24   33   24   34   24
    8
   27   25   28   25   29   25   30   25   31   25   32   25   33   25   34   25
    8
   27   26   28   26   29   26   30   26   31   26   32   26   33   26   34   26
    8
   27   27   28   27   29   27   30   27   31   27   32   27   33   27   34   27






