Run semi-empirical minimization
 &qmmm
    qm_theory='AM1', grms_tol=0.0005,
 scfconv=1.d-10, ndiis_attempts=700,   qmcharge=0,
 /
   6    C1       -6.7070       -4.4250       -2.5160 
   6    C2       -5.4010       -4.4520       -1.7410 
   8    O1       -4.4440       -5.2900       -2.3850 
   6    C3       -3.7050       -4.6380       -3.4180 
   6    C4       -2.5680       -3.8180       -2.8580 
   6    C5       -1.7070       -4.3570       -1.8940 
   6    C6       -0.6410       -3.6060       -1.3900 
   6    C7       -0.4020       -2.2970       -1.8370 
   6    C8        0.7190       -1.5050       -1.3050 
   6    C9        2.0300       -2.0030       -1.3270 
   6   C10        3.0940       -1.2450       -0.8230 
   6   C11        4.4900       -1.7440       -0.8370 
   8    O2        5.4680       -1.1350       -0.4460 
   8    O3        4.5970       -2.9870       -1.3380 
   6   C12        2.8520        0.0270       -0.2880 
   6   C13        1.5540        0.5570       -0.2460 
   6   C14        1.2970        1.8910        0.3230 
   6   C15        0.3210        2.0810        1.3140 
   6   C16        0.0750        3.3470        1.8570 
   6   C17        0.8060        4.4590        1.4260 
   6   C18        0.5260        5.8290        1.9930 
   8    O4        1.7250        6.5500        2.2810 
   6   C19        2.3260        6.1470        3.5110 
   6   C20        3.5860        6.9670        3.7150 
   6   C21        1.7740        4.2820        0.4300 
   6   C22        2.0190        3.0150       -0.1100 
   6   C23        0.5040       -0.2250       -0.7610 
   6   C24       -1.2650       -1.7670       -2.8100 
   6   C25       -2.3320       -2.5170       -3.3170 
   1    H1       -7.0800       -5.4420       -2.6770 
   1    H2       -7.4650       -3.8530       -1.9740 
   1    H3       -6.5750       -3.9730       -3.5040 
   1    H4       -5.0100       -3.4400       -1.5870 
   1    H5       -5.5880       -4.8830       -0.7510 
   1    H6       -4.3690       -4.0350       -4.0470 
   1    H7       -3.2770       -5.4180       -4.0580 
   1    H8       -1.8700       -5.3680       -1.5260 
   1    H9       -0.0000       -4.0520       -0.6310 
   1   H10        2.2210       -2.9860       -1.7540 
   1   H11        5.5560       -3.1790       -1.2850 
   1   H12        3.6850        0.6040        0.1130 
   1   H13       -0.2550        1.2330        1.6830 
   1   H14       -0.6910        3.4520        2.6220 
   1   H15       -0.0280        6.4010        1.2400 
   1   H16       -0.1050        5.7790        2.8890 
   1   H17        1.6310        6.3260        4.3380 
   1   H18        2.5810        5.0830        3.4800 
   1   H19        4.0820        6.6940        4.6500 
   1   H20        4.2840        6.8120        2.8850 
   1   H21        3.3500        8.0360        3.7380 
   1   H22        2.3490        5.1350        0.0730 
   1   H23        2.7770        2.9160       -0.8840 
   1   H24       -0.5110        0.1730       -0.7370 
   1   H25       -1.1040       -0.7610       -3.1930 
   1   H26       -2.9740       -2.0750       -4.0750 

