Run semi-empirical minimization
 &qmmm
    qm_theory='AM1', grms_tol=0.0005,
 scfconv=1.d-10, ndiis_attempts=700,   qmcharge=0,
 /
   6    C1       -0.7750       -2.7450       -0.9030 
   6    C2        0.1770       -1.5830       -0.6850 
   8    O1        0.7380       -1.5950        0.6250 
   6    C3       -0.1650       -1.1450        1.6380 
   6    C4        0.5810       -1.0090        2.9710 
   8    O2        1.6310       -0.0350        2.9620 
   6    C5        1.1870        1.3080        2.7920 
   6    C6        1.6370        1.8460        1.4370 
   8    O3        1.1180        3.1650        1.2570 
   6    C7        1.4470        3.7070       -0.0190 
   6    C8        0.4150        3.2800       -1.0180 
   6    C9        0.6800        2.6210       -2.1540 
   1    H1       -0.2970       -3.6920       -0.6350 
   1    H2       -1.0930       -2.7910       -1.9490 
   1    H3       -1.6700       -2.6480       -0.2800 
   1    H4       -0.3130       -0.6230       -0.8860 
   1    H5        1.0120       -1.6730       -1.3880 
   1    H6       -0.6030       -0.1880        1.3400 
   1    H7       -0.9680       -1.8790        1.7580 
   1    H8       -0.1190       -0.7720        3.7800 
   1    H9        1.0570       -1.9650        3.2130 
   1   H10        0.1020        1.4110        2.9210 
   1   H11        1.6440        1.9120        3.5840 
   1   H12        2.7330        1.8660        1.3940 
   1   H13        1.2890        1.1880        0.6340 
   1   H14        1.4100        4.7970        0.0710 
   1   H15        2.4680        3.4360       -0.3140 
   1   H16       -0.6140        3.5390       -0.7800 
   1   H17        1.6930        2.3420       -2.4290 
   1   H18       -0.1200        2.3450       -2.8340 

