Run semi-empirical minimization
 &qmmm
    qm_theory='AM1', grms_tol=0.0005,
 scfconv=1.d-10, ndiis_attempts=700,   qmcharge=0,
 /
   8    O1        4.9580       -0.9790        5.1360 
   6    C1        4.1980        0.2170        5.0200 
   6    C2        3.0620        0.0440        4.0470 
   6    C3        2.4040       -1.1830        3.9000 
   6    C4        1.3240       -1.3170        3.0210 
   6    C5        0.8620       -0.2260        2.2700 
   6    C6       -0.2730       -0.3670        1.3430 
   6    C7       -1.4970       -0.8990        1.7760 
   6    C8       -2.5750       -1.0280        0.8930 
   6    C9       -3.8810       -1.5830        1.3230 
   8    O2       -4.8730       -1.6920        0.6270 
   8    O3       -3.8830       -1.9810        2.6070 
   6   C10       -2.4370       -0.6240       -0.4410 
   6   C11       -1.2290       -0.0890       -0.9110 
   6   C12       -1.0810        0.3330       -2.3150 
   6   C13       -0.0110       -0.1260       -3.1000 
   6   C14        0.1310        0.2720       -4.4340 
   6   C15       -0.8020        1.1350       -5.0190 
   6   C16       -0.6330        1.5900       -6.4430 
   8    O4        0.1590        2.7690       -6.5020 
   6   C17       -1.8650        1.6090       -4.2430 
   6   C18       -2.0040        1.2080       -2.9100 
   6   C19       -0.1620        0.0310       -0.0020 
   6   C20        1.5160        1.0060        2.4320 
   6   C21        2.5970        1.1410        3.3110 
   1    H1        5.6850       -0.7880        5.7500 
   1    H2        4.8740        1.0090        4.6810 
   1    H3        3.8000        0.4800        6.0050 
   1    H4        2.7390       -2.0500        4.4670 
   1    H5        0.8520       -2.2920        2.9210 
   1    H6       -1.6100       -1.2030        2.8160 
   1    H7       -4.7920       -2.3210        2.7470 
   1    H8       -3.2790       -0.7410       -1.1230 
   1    H9        0.7220       -0.8120       -2.6790 
   1   H10        0.9740       -0.0990       -5.0120 
   1   H11       -0.1490        0.8140       -7.0450 
   1   H12       -1.6050        1.7990       -6.9030 
   1   H13        0.3990        3.0120       -5.5920 
   1   H14       -2.5930        2.2960       -4.6690 
   1   H15       -2.8390        1.5980       -2.3320 
   1   H16        0.7850        0.4450       -0.3510 
   1   H17        1.1790        1.8800        1.8790 
   1   H18        3.0720        2.1140        3.4150 

