Run semi-empirical minimization
 &qmmm
    qm_theory='AM1', grms_tol=0.0005,
 scfconv=1.d-10, ndiis_attempts=700,   qmcharge=0,
 /
   8    O1       -4.2210       -1.5740       -2.6190 
   6    C1       -3.5850       -0.4690       -3.2600 
   6    C2       -3.3430        0.6420       -2.2440 
   8    O2       -2.4950        0.1150       -1.2180 
   6    C3       -2.2480        1.0810       -0.1890 
   6    C4       -1.4020        0.4450        0.9150 
   8    O3       -2.2150       -0.4700        1.6590 
   6    C5       -1.5820       -0.9610        2.8460 
   6    C6       -0.4020       -1.8920        2.5580 
   8    O4        0.7790       -1.1130        2.3370 
   6    C7        1.8860       -1.9330        1.9770 
   6    C8        3.0620       -1.0310        1.7840 
   6    C9        3.7900       -0.9550        0.6620 
   1    H1       -3.7320       -1.6960       -1.7800 
   1    H2       -2.6390       -0.8300       -3.6760 
   1    H3       -4.2260       -0.1240       -4.0750 
   1    H4       -4.2940        0.9510       -1.7960 
   1    H5       -2.8590        1.4990       -2.7230 
   1    H6       -3.2040        1.4250        0.2210 
   1    H7       -1.7070        1.9270       -0.6260 
   1    H8       -1.0300        1.2280        1.5850 
   1    H9       -0.5650       -0.0960        0.4640 
   1   H10       -2.3510       -1.5280        3.3800 
   1   H11       -1.2870       -0.1150        3.4780 
   1   H12       -0.6100       -2.5080        1.6760 
   1   H13       -0.2270       -2.5360        3.4270 
   1   H14        1.6550       -2.4910        1.0630 
   1   H15        2.1000       -2.6410        2.7860 
   1   H16        3.3220       -0.3960        2.6280 
   1   H17        4.6300       -0.2700        0.5920 
   1   H18        3.5640       -1.5630       -0.2080 

